100
36.42310866833013 25.322651069909465 25.16102770704195 24.380037142186183 28.334054080060863 24.66566272985301 25.47543150250361 26.25340359129148 27.737406422351278 24.865143175848118 25.390676322636327 26.887620404262233 26.94642578722794 23.481884328576125 24.20465982684793 26.5068561023736 26.95354591485986 27.727899902996857 23.68478738320051 28.031000291211075 27.74036613162587 26.949633858033984 24.843285001274296 27.256004991224167 28.308190601340293 26.86111681833221 28.19471347815792 24.877791838185196 26.53121246178041 27.06331756334823 25.629007121350114 26.51539808033834 24.74661163713269 24.55743306182194 27.451868250615846 26.55886433502735 27.508407586044505 27.125389745749874 25.162710747317405 24.614040356353428 26.063686734323646 29.74634214111465 24.818782148174265 26.86354743863413 23.159826330511518 24.849736722053354 28.707760780016937 23.158366328598014 25.301818685758033 21.97663077669261 27.44947040072041 26.09910502174571 28.67557809774834 28.52853367042956 26.874691829519374 24.280855660847845 23.06176644841395 21.948081878791907 27.989803859925143 23.45713251651027 24.999706875917486 26.526104504603424 27.501071120067433 27.64417660560921 25.18602547430659 24.152463253030064 29.849874995818727 27.72547449474058 31.141699892747805 26.065972202679337 25.357141228008008 26.371163840598122 28.273346575220298 30.838790056448495 27.225737254565367 24.087177292738144 24.422171498121607 26.25048648256351 28.312981963339237 25.701004272324155 31.423689026115337 27.85524245313537 27.958435168089856 23.501082025785447 23.67629942820785 23.21075224009591 27.354523996773082 27.223896532672104 26.619395646525444 25.696447777556184 25.097201645450795 26.557520865470014 26.075995063808314 29.64284310115436 25.483094996886937 27.77466282461741 27.437998979182698 29.200808789472003 25.661644381721725 25.09767810559168 
25.322651069909465 32.439488519038534 24.923690658086276 23.71128128628633 26.275785164360723 22.785982801083335 23.886892721222775 25.124138214719743 25.464485469750638 22.709744835563704 25.947911946146526 25.503097087942844 25.754793353650975 22.701952592141726 22.901729931790598 22.858014368721783 27.408489989265547 26.865100174509255 22.956490091848185 24.513993038107483 26.577964548148334 25.596091562703315 22.575138065057455 23.700951633153064 25.287468846049222 25.07388379409283 25.658034549889305 22.96521119938519 27.163874096839447 23.23588648399301 23.917667422581182 24.238520423858063 24.2249920338435 23.0068975526556 25.273631126025922 26.286977775110373 26.57007298694537 26.619767951288168 21.978898344685035 24.527070671833673 24.42865598138585 26.437359456635075 22.875873087361626 23.055671460571244 23.36359805596618 23.518877628063336 25.58997631041227 22.378852037330553 24.91047705668191 21.799815857625187 24.592493335641397 23.710849520543647 25.40856671546925 25.84052525276238 25.20009779941435 23.288195280890577 22.63829654079626 22.753917494447155 27.89898714795474 22.308680812256473 22.783003179965018 26.074992427464927 24.810247762206252 25.32432942402614 24.01899568069547 24.042402169773734 28.297571285267686 22.929767450675175 25.496218613664812 22.789700105899517 22.813779171514167 27.123496299932714 25.987655178696503 29.041756536906913 25.26151519001326 24.5012529692158 23.560780896385236 25.526192927327195 27.435365687200402 24.597599991103593 28.043963661789352 27.308103421117234 24.682732478848294 21.333752310920286 22.524045216686957 22.727157921556742 24.15255277652663 25.018902895780272 24.713950698386512 24.256302073344756 23.898638176819233 26.0076458889034 25.867975405053993 26.92553404916214 23.209572244007365 24.43676881521604 24.874292250340595 26.689468142164575 23.904017232110405 22.49231227222495 
25.16102770704195 24.923690658086276 32.46586476784515 23.436108194958308 25.87754164987328 23.307548162370722 23.207935788840395 25.7411375929281 25.345879718567264 24.589411419632068 25.246805020474508 24.491417234937085 25.417903467929744 23.072878905991992 21.173731979870578 24.469256262401373 24.574488376926244 26.818214727309073 23.978670607762783 25.612993587819513 25.305662246586767 24.818204690453296 23.65880046925086 25.688972774468322 25.92708780873296 24.353260806089192 28.102331703600694 22.57931700417348 25.84289745112252 22.480395865389315 24.051001654301412 24.124432070556672 23.878575058205634 23.892189986089896 24.455885064000974 25.03654698593268 25.292099810104638 27.335090589455294 23.25870674973111 24.01564354450342 24.21725434842374 25.683590571723933 22.812314711853492 23.801105010365454 24.63155798371551 22.79227823888248 25.970861287786924 23.048327378241364 23.06004373263829 19.327184193492734 25.599539178501654 24.272143031431288 26.778188767843346 26.844699262508396 26.256986533152656 24.11640529074292 23.24054864017323 23.08917264911041 27.304165044036065 23.597905760785174 23.54688943666775 24.982281852388443 25.493895195184287 24.51022701770948 23.923981749556333 24.102456380253265 26.86037480895035 24.52329701484018 24.58926891782649 22.53145975529264 22.36518515727025 24.953355138084966 26.258453420803935 27.869938033025925 24.024371033129416 23.355602671806952 21.86474642583284 25.6265996412782 26.994812707627585 23.710627870627082 27.834108120867693 26.13886866221137 25.104767658430692 20.47224590597957 23.628707424385755 22.08001400673018 24.67958695922284 25.197718961858268 24.28057292233099 23.22985487063152 23.950208334891524 25.146502352310357 24.468374005952537 28.356401609189227 23.124379035689802 24.52281989342134 24.2673810265341 26.75646998683281 23.28765622067828 21.513341715353928 
24.380037142186183 23.71128128628633 23.436108194958308 31.78924419305041 26.33213858118062 23.79436393904974 24.733041959892923 24.24633620440773 25.212179303116507 22.644396052747087 24.061687794799493 25.205472241229057 23.891253841250812 22.567129397770362 23.211196358118375 22.905961478388008 24.48727394431748 25.622768524656824 23.891403240902342 25.990774800348692 26.56207756683058 23.578897674773113 24.539011364025193 23.97464078689487 25.212717964997317 24.716362895779284 26.71283715434144 21.380134324626273 24.563027333206023 23.5553171378989 22.20134844890841 22.89836760556864 23.210627527312024 21.987818608941396 24.863921296698123 24.358696689571552 28.384830283540854 25.287196002894856 22.232645251882904 24.819638391875024 25.89344114267056 26.222942868447404 23.343643156957775 23.80437453177485 24.343408025018785 23.170883549973684 26.35084365243858 21.749864051211645 23.79511120027845 20.191908760322065 24.47429301290615 23.989896645724965 26.658603102694734 26.013973377896793 24.444285160294697 21.84974213014048 22.53495580917074 22.082154567568438 25.469980182695036 21.9299789378679 24.05168162048766 24.78779717836292 24.79515451258501 23.402017338016233 24.920294963858186 23.240015641957992 28.0251920755181 23.393649141806776 27.147972895279104 23.42759188809166 21.001753409133237 25.776756541898365 26.57019275772111 28.052599908319834 21.65403121155095 22.940239207414553 22.367963295866435 24.36454901810378 26.15337513482503 23.214270751017537 27.394955437208896 24.968940322477778 25.775728426915876 22.913459447865396 20.937660557109716 23.21288195904006 24.934362808511246 25.699342738926497 24.170472042337448 22.6771552736728 24.399372410062096 24.54324112796031 24.80194376927583 27.391293921996976 23.148136051364236 26.239899310031976 24.106536421308334 27.043955388455984 21.75677435839456 22.046082165349823 
28.334054080060863 26.275785164360723 25.87754164987328 26.33213858118062 35.94322220723498 24.472436335153887 26.652010749199338 25.243069319690942 26.911517850489687 26.001686812626787 27.38528599843666 26.708322992476425 27.850620224280213 25.65508813029095 25.691786659154968 25.34230490590036 27.599923833323835 29.162357799182146 25.662513878500324 27.461248962139816 27.3018353328368 25.141243979332803 25.99788506412647 26.094195132107604 27.647320919645075 26.209581309446875 26.940843888092843 24.19361513665862 27.953444125442246 25.671076580186032 24.57959881483958 24.8889637769151 26.097518074033353 24.878443057587997 26.51652208033387 26.696267465045878 28.026015349852653 28.084398390676437 24.493372548474987 27.477310704217402 27.009623703211698 29.505351976802938 24.83612613080066 27.47371645596391 24.645982533781265 24.64234999949677 28.709451716535487 24.734033420422435 26.12376122908085 23.385892584028948 26.355830725069126 26.48470553888809 28.22840914329853 27.727762024603912 27.966607745325756 24.35170074606081 25.325840297050792 25.561507506367256 28.68829351965175 25.12262034797798 25.06780068318046 27.2972191629854 28.351081977521464 26.954481681745317 25.981116946098652 24.70318095074231 29.80174767653504 24.974775462985914 28.99985147437168 25.36475627184519 24.82227431565602 26.63843141094111 29.108598876543457 29.43030718307839 25.542591898399834 24.840758328961446 25.605578970354827 26.720490505819846 29.01655601849171 24.082497156297528 29.746061160718387 27.393365454518968 28.96869348354687 23.29321774336549 24.1562104067101 24.95385343584506 26.85884581821115 26.746016774434608 26.138254692123812 25.234832599835553 25.836003030559684 27.47473288400819 27.641578707505627 30.604657509687843 26.96089061423237 29.337561916427195 27.300353871122805 29.92405565900877 24.985819224703896 23.32243705381833 
24.66566272985301 22.785982801083335 23.307548162370722 23.79436393904974 24.472436335153887 32.019576348421246 23.04137405919221 23.95406368358935 23.96105266108058 23.80127060441342 22.88061975573576 24.399193702810425 24.90947752632516 21.734442362972107 21.92483997474132 24.54378896480515 23.96652741954607 27.102547816924858 24.099263396046076 25.024989374281695 25.942249033282042 23.91309846796544 23.04570931247339 23.28459568335492 24.446109549485204 23.99118782838854 25.110421468734668 20.451024135894876 23.80200690621791 23.02029206888045 22.94335300669912 23.06979719214469 22.42389003966379 23.678229761131817 24.826194933222443 24.968876681153272 25.318007059632308 26.26854005793807 24.094933485159256 24.68871900508999 25.093097320603217 26.711882225194845 22.540981675639504 22.882466827302153 23.053097437939797 23.913258414686364 26.498632902186284 21.680948997540153 21.36961530023968 20.091157902191483 25.56518294644543 24.20661132428712 26.009290258656996 25.994473777765077 24.70446268376745 21.83041960221834 22.80683392388024 21.34832527274243 26.389993330298203 20.461962046078092 21.925305146247887 25.84908915600183 23.949076794258943 22.646921299122624 24.905296119809726 22.52907488561524 27.069046950869687 24.711019079054697 25.936172536538194 22.99820256067963 23.69512397883437 24.874641596793897 25.902939839947212 27.112177993645105 23.688268990217466 22.35689159431995 22.212078922405563 25.672234568161187 25.978858038386566 23.514791274222297 26.60624835626008 24.899947587608 25.75297956567999 22.372075263481534 21.774556081273527 23.561469689146023 24.668647375075935 23.372553820935526 24.050522409727588 22.580314276772945 23.37759925307404 23.860204956438785 22.649472182026493 27.622396561542832 23.22407760045777 25.354107780344624 24.10461689233963 24.72788629363778 22.226343720891858 22.919557007920755 
25.47543150250361 23.886892721222775 23.207935788840395 24.733041959892923 26.652010749199338 23.04137405919221 34.25629553954152 24.674140198317556 26.151219589912046 22.872840524664014 26.03128845371865 25.69929656716381 25.467102209197122 23.368797285638824 23.52105807040595 23.641048962863174 25.32482309641791 26.57869766361423 24.032083920743542 25.43517722116075 24.986919364187766 23.8024480212502 24.911431575460718 24.090562794339608 25.499686558708888 25.234581707061935 23.864618319457318 21.883857861113402 24.76305437884345 22.560886203957974 22.35200687557577 24.2621120786381 22.919208491469043 23.122960988164238 25.32999554272368 24.88181784411414 26.17065175921542 25.57495578274077 22.57758199292445 25.829691859311406 25.53968208967412 26.791545919316178 23.517158141597815 25.08768951236918 23.282016384310168 26.049134558830133 26.97082110517659 22.06995618922669 26.054320471419466 21.001578728545052 25.19685440187007 25.046819590405793 25.953534365771276 26.641759109454178 23.90137704316918 23.02411661792944 23.65385614467449 23.223059171820477 27.210610500409807 24.407449167992862 24.40907599647229 25.67361365530299 25.68291313070158 25.623082841485353 24.371115642366085 23.706293964801727 25.815685013481147 25.17583952067256 27.690406844813463 24.295913994892715 23.711771132548517 26.05488595119133 26.94171693173329 28.10779273228113 22.894092963025493 22.922952190668177 23.624463947425674 25.155004019575827 25.436067075429357 24.517915012589107 27.77521031002085 26.086518058476575 27.99065870514472 22.494553212101952 21.074210617203576 22.67271366015467 25.35523583267756 24.557734349344393 24.24216666661833 23.927726788878644 24.879724931803523 23.126673828300927 26.742224557500716 27.501647486335973 23.287311063768964 24.457699533116443 25.097195332222228 25.601838664612618 23.466911872006918 22.763717010125948 
26.25340359129148 25.124138214719743 25.7411375929281 24.24633620440773 25.243069319690942 23.95406368358935 24.674140198317556 31.767999361611302 24.963189697486854 24.038507345653777 24.75216554314915 25.468979346021005 24.086587339923668 22.865315842171693 23.121229596243012 23.91031270403347 24.18262070103349 26.28966895639243 22.310497832225558 25.602584112031394 26.970426464903536 23.347550625182194 24.304084767921292 24.571980442250116 23.88946262348764 24.047964561974077 26.152008173327822 22.19206647598166 25.430440955405153 23.35286322875916 24.471086041213955 24.17011961749173 22.80981501744896 23.27852655300983 24.504970539129022 24.930788178375288 26.032363136572677 26.66339873411762 22.3369082455136 24.913090588682618 23.76912802269586 26.973807724016634 23.42838287407791 23.822773180392595 24.269520904501135 23.240913702501796 25.190750919784886 21.97433547202035 23.41188281980881 20.372091027173056 26.207035793614793 22.925621577617356 25.570010348549072 25.170460017646107 25.295239877413575 22.18694289463718 23.044469348903938 22.823721018073904 27.589165220576746 21.9835701556967 22.252886390927017 26.485767779229338 23.725571530258893 24.589048297800158 24.027035703310833 23.812705605448468 26.70070935674968 23.416186381131702 26.673994192661244 22.640080458945285 23.59806407989166 23.94733962254739 26.202390998723093 28.27590760937224 24.34634532188721 22.037935552160246 21.80383167570626 26.02524260015705 25.450744889235057 23.964942338624684 28.49058652183403 25.09792136733248 25.76523230491936 22.360743151315695 21.03407884555588 23.180285356735386 25.69230451723331 24.815686910455838 26.00432163611024 23.3554466496898 24.429972095808566 24.27639942638531 24.88129701925911 28.09983265854242 23.194139480940112 24.68646772550912 23.06094213951823 25.976753815012234 22.841608854534023 22.592739447968732 
27.737406422351278 25.464485469750638 25.345879718567264 25.212179303116507 26.911517850489687 23.96105266108058 26.151219589912046 24.963189697486854 34.88255843311563 25.972406506198833 26.981402134005844 27.026031470233622 25.720535743947682 23.13832152090645 23.149178411595372 25.94894322724022 26.164662101728158 27.493329484852882 25.084442116067986 26.89928921152928 28.93073463422065 26.091663057173097 25.67940704446083 25.683477616634686 28.083308955509303 27.767627102989128 27.81226833005381 21.51241558471441 27.12614497452605 26.804686644557716 25.497132825359593 26.346577358175864 25.0535226725194 24.540351679402743 27.154103205737417 26.570474821648354 28.085869365470938 28.32953877032841 25.108148239391756 27.07425590100365 26.088468327913766 28.706309840174026 25.2512352767257 26.68078490242557 24.895038817860392 25.165346120193835 27.72504074172315 22.057461985523627 26.374506643988983 22.0896382121828 28.520305502732384 26.27760954914808 26.756748018746002 27.143534018284832 27.37267457627055 23.22345576068247 25.28095206525707 23.775944296711838 27.15161234706913 23.782194155244667 27.03163135797087 26.493367544724347 27.8145778059447 27.726379843788198 25.854876714769848 23.7517297288913 29.561964041866524 25.942528218324814 28.191106230340377 23.425015981155152 23.391598211882016 25.960940525059055 26.918604189051457 30.115059667555656 26.391850354091957 24.141250375518254 26.116175833358614 26.057045347712428 27.19895051126167 25.9329771432496 28.761259520856893 27.344350663169955 26.366930298128477 24.330743224820736 23.246735941368584 24.216981471507182 25.550322844223068 26.178281221936775 26.570549659906373 25.052402729612325 25.72956461861055 26.55497216165341 28.183264661687762 28.319515606872 25.176616052183274 26.654571384015966 26.105220074933403 29.388382254516348 25.21830837236288 23.05281918275943 
24.865143175848118 22.709744835563704 24.589411419632068 22.644396052747087 26.001686812626787 23.80127060441342 22.872840524664014 24.038507345653777 25.972406506198833 30.405632774238583 24.50883814464189 22.920830482025234 22.982561967824072 23.148035146684204 20.442214495439373 22.548512417976383 23.90694068432753 26.41632979478605 21.544037187350614 24.45846850229729 26.19439513484318 22.82917652380662 23.653010304585756 22.172987900581244 24.6609501739018 25.173314819480677 25.566511180593576 20.916687051669083 24.039766357079387 24.038591389258446 23.113908953836372 23.67043990873001 22.27566474984806 22.763421185897062 24.195120954972307 24.514399481271766 25.4233085690077 25.49729022955446 21.901676128611125 23.15936054872718 23.38181294175663 25.248363735785542 21.805932555618202 23.26655692873258 22.593133554086883 23.323960367020497 25.682701335347737 20.662837268215515 22.342500306213115 19.551137977205396 25.584221248838123 23.69257193536541 24.3073167653383 24.409469508009163 25.279651878593395 20.59342417785244 21.983424330349195 21.757228629219178 24.339164347851515 21.320838005546833 23.23557627599898 24.65095549331932 25.200421664519382 24.60059890713913 23.884357918329474 23.243814146585404 27.06174404676557 23.43478080395813 25.874628994517636 21.85091233579312 22.7632343664279 23.388348881658054 26.128698447926666 25.322665096284872 22.74340624700593 23.093363349136066 20.90335627189254 24.69886578916254 25.30756852370505 23.362829430199366 27.211794221902302 23.010949819503786 23.9987139936879 20.507213608587662 21.538378757379306 21.61612705401661 22.819725212217506 24.3679096778166 24.559092917542685 22.066375728163575 22.356540679950218 23.694786120807628 24.375276480047674 27.145040925139902 21.10391779805745 23.9071396248073 22.812561217038457 24.795208329630718 23.08765946294749 20.082149814858475 
25.390676322636327 25.947911946146526 25.246805020474508 24.061687794799493 27.38528599843666 22.88061975573576 26.03128845371865 24.75216554314915 26.981402134005844 24.50883814464189 34.67951550326156 25.65676229836324 24.676490920874638 24.827189450024985 23.90386796043943 22.96785494431408 25.96706409002222 27.163252881321046 23.924251942811768 25.898701917753982 25.703683790327478 25.197686121018922 25.174439881536646 25.056523562813872 26.228861481491574 25.350706838581516 25.650439535968285 22.408420574664863 25.66961413226984 24.32040543290553 24.35450927382769 25.853975241021868 24.024555985696736 24.631547582228478 26.43907519707557 25.831851538375005 26.319685159485584 28.08967802794653 23.60451325720211 25.479411964251618 23.77122313527172 27.70300614221502 23.41143208027362 25.493932480179716 24.115226620005195 23.460334060433116 26.899120819724214 23.220353247287186 25.34658991285294 20.633332638974444 25.329932707941474 24.333640666890645 25.568396338648853 26.184311179178 24.3921605985924 24.569109377056545 25.933516807868795 22.49910097017333 28.03948989123091 24.191796348368328 23.37940578188021 26.885286173101075 25.857833474003804 27.786769446748345 26.143649473082547 23.968503441079974 27.440368541270658 25.765223444234348 28.099225968629895 24.01397573722929 24.15510938208102 25.07099018914223 28.44584309409239 29.30653323603425 23.343188850144404 24.625226917799054 24.223809336529246 24.798953873040734 26.465990932618997 24.622395466541448 27.24047575579219 26.56515183971485 25.44008787049155 21.934793784413973 23.03507996972076 23.80602320471277 25.008355861590807 26.635723546961113 25.531974155311353 24.990932964454288 23.807869966493797 26.01533846243678 26.006457390097136 27.853831423922276 24.698050487984162 25.58072428080506 24.103112938525367 27.891499892146598 23.555006870933713 21.984148710238046 
26.887620404262233 25.503097087942844 24.491417234937085 25.205472241229057 26.708322992476425 24.399193702810425 25.69929656716381 25.468979346021005 27.026031470233622 22.920830482025234 25.65676229836324 33.392768741494315 25.706198339370236 24.799934552598085 24.759446802821092 24.90109214789972 26.645676508066643 26.672984119382303 24.65395231964891 25.523417981028427 28.36578435710669 26.07208297315364 25.169509993114236 25.129264111536603 25.508976748499574 26.211220727421416 26.366063393658518 20.904370848326906 25.94719570916156 24.912416702398787 23.94264890224485 24.76005430203458 24.63358061651093 23.81810045892355 26.93243984972667 25.14249775325581 27.009807015290015 27.647288644029825 23.19211414188001 27.086099469105605 25.016103870988108 27.329100870879305 23.252178818059 25.681264886784103 24.5650431670311 22.63565312454263 27.768620652392794 23.248306171373603 25.868605770167534 22.081535018423086 27.77874167992749 25.314002315563137 27.332314864987563 26.70106419908607 24.59886460145061 22.909801860027507 23.273923806230567 23.55007819850956 28.27203349735317 22.656278068724465 24.248546802833065 26.875431380007992 25.878110694204405 24.803162804096786 26.68412885601028 23.982761699202985 27.94783366292076 25.251719579265487 27.31664044546868 23.573482052723776 24.039601483720073 27.335501327175198 27.309051977516933 30.742803447509782 25.387221773948767 23.340621392276905 23.743149197147687 26.44312822569603 27.71939327717358 23.105486031274555 27.285010685408672 26.67908498081707 26.3061467840325 22.000962020756308 22.381735778632027 23.982608093962433 25.336821435613427 26.731455536004997 25.190300039642167 24.33960660121176 24.654481001022532 26.96152519847479 25.44927429854941 28.42106859865629 24.28956588335978 25.901458936411718 24.951671880613816 26.96951403922817 23.83492513647922 22.942223457145346 
26.94642578722794 25.754793353650975 25.417903467929744 23.891253841250812 27.850620224280213 24.90947752632516 25.467102209197122 24.086587339923668 25.720535743947682 22.982561967824072 24.676490920874638 25.706198339370236 32.542719287591176 23.253997270530004 22.95939513258133 23.155358804768998 25.532358441901486 26.396481753221405 24.0690201630001 26.012852725444713 26.068478630834356 26.312859213760397 23.524829988648275 25.617453247985242 25.690090919428343 25.60911105439549 26.778267604078493 21.32156646277395 26.191675871864774 24.071222510915117 24.635982667049618 23.269581401673374 24.927299627074483 23.456879904153023 26.063247851330523 24.637901873734457 26.40936215350944 27.646502704811 23.427648217986107 25.567120271284395 24.62683529331498 26.658899428064785 23.737929630471378 25.42888248914255 24.709948648371032 23.082357626367756 26.065597149053904 22.684446979045823 24.639628624896663 22.281025233833702 24.93537718587169 25.760433215604483 26.87996723555772 27.28251953883542 25.281242567111594 23.547042501047695 22.603434388652428 23.457567555810222 27.167829304931402 23.755638182674687 23.468436662468903 24.32935925637951 26.85622714485794 24.615509438094485 24.33641257630641 24.093443269148004 28.89177311478579 23.25662173367241 26.307449670069285 24.180286774170632 23.679259969898663 27.033503175094342 25.497335600393864 28.98734451063612 24.403625491672205 25.480682793413514 23.116148781614665 26.471616176881458 26.74198848684706 25.1425444422796 27.902986676017 26.83042651255772 27.58150666640882 21.761903105775993 22.977762398873576 23.323568975456393 25.36040162739087 24.744110012214488 25.355676771742562 23.384784358080054 24.050450027817014 26.105266469546383 25.900612054853823 27.92190448568209 23.78800788952514 26.052694921093952 25.593037209109298 27.143536126204314 24.23043170001894 22.101905401596493 
23.481884328576125 22.701952592141726 23.072878905991992 22.567129397770362 25.65508813029095 21.734442362972107 23.368797285638824 22.865315842171693 23.13832152090645 23.148035146684204 24.827189450024985 24.799934552598085 23.253997270530004 29.55587544247308 22.66512308837772 24.058549014716633 23.921793217819463 26.448621485831058 22.552804449634213 24.59043271047233 24.67911960977508 22.127209392458337 22.587269052018375 21.98433966133663 23.154098030257888 24.369255278448794 23.898026339204957 20.713340421306768 24.24839953305588 22.009567942395346 22.05109997667093 23.287330385718946 22.291024104845693 22.30636233000844 24.347081234707012 23.394517227321277 25.397065043792388 24.5619592337797 20.988440727138663 23.26737426530272 22.556483930659876 25.428180891637123 21.51893409685904 24.21656187460362 22.779015935639066 22.199887172607262 25.34471170314421 22.6230211280799 22.224827025356046 20.844027902542024 24.705450796475393 22.39983255570384 24.42307418415107 23.880887397733524 23.334288882095098 21.07686362795647 22.220909029410652 21.64983403828029 25.517454522471688 21.60057005074989 20.843354817869837 24.227032315261866 24.882132351069224 24.820685980404697 23.204980074604702 23.309928994401652 25.80995900531306 22.234260093545767 24.080902409977615 21.894313959743126 21.885627004340666 24.16675215623597 25.565195191691267 26.439285957432553 21.345191816778257 22.340669303768127 23.3764449175188 24.4940313085116 25.313173484542574 23.52955319063506 24.152091628722 24.73516363932271 24.284005565656635 19.297928853215083 21.766674959033214 21.9348423596236 22.62432590483921 22.308565491051766 24.378196438227523 20.60983777207768 22.75335702520233 24.260838254920944 23.99493739656903 25.659268669094473 22.519182990262443 23.704357696021386 23.058260295841972 24.67141239264835 21.907018252904606 21.09116464861012 
24.20465982684793 22.901729931790598 21.173731979870578 23.211196358118375 25.691786659154968 21.92483997474132 23.52105807040595 23.121229596243012 23.149178411595372 20.442214495439373 23.90386796043943 24.759446802821092 22.95939513258133 22.66512308837772 28.38854084027363 20.814806712009442 24.142476148504084 24.32600429849257 23.364564933441514 23.455890128087127 23.819124525618303 21.604100165816423 23.559053030006694 21.034928939697274 24.227850720701078 22.799867652656335 23.561456848682294 21.047884911229776 24.172129255173584 22.34639845143421 20.046767289515884 22.12393366753842 21.85187587445701 20.814607002030563 23.564502410803012 23.613992447609814 24.06412727131535 25.37156532425092 21.393426663693486 22.777117120473683 22.404191897450286 25.346746019114402 21.301138520137165 22.41254873314595 21.32113829771513 20.262440691521004 25.59743091589759 22.726713637417784 22.88000975692227 20.764781339202962 23.061253676278838 22.044868369071843 24.517706317920755 23.744622985877015 21.28948696995141 22.15018309329908 21.657646436752156 20.60578797805086 25.011267488578515 20.374500850018233 20.298686212316003 23.503728595469127 23.673132702684818 25.41975782544803 22.92935855008716 22.196429002497716 24.68310072561893 23.372015210003276 25.46380684112598 23.235511909823302 20.58052669429733 25.77915719163638 25.194474656399336 26.841529261683903 22.52388290319815 22.438246815858726 21.41040254856439 22.679133273327217 24.637121616106857 21.907694195082332 25.490365990826394 23.460412893177505 23.84187092992384 20.438848190797763 19.78171063212665 22.492256261079433 23.750818322415334 23.6854311165761 23.223840958895746 22.50256534653466 22.78254504458022 22.840381269122467 23.633994132076836 24.33361932161854 23.233453202647905 24.781028046203517 22.88674098117344 25.830858537192206 21.354009323554816 22.52153529926628 
26.5068561023736 22.858014368721783 24.469256262401373 22.905961478388008 25.34230490590036 24.54378896480515 23.641048962863174 23.91031270403347 25.94894322724022 22.548512417976383 22.96785494431408 24.90109214789972 23.155358804768998 24.058549014716633 20.814806712009442 31.299793833667813 25.314224354679336 26.455073639501855 23.740633092897873 25.539586147012074 25.8865968531143 23.121155381249196 23.41884445976086 25.135345065950336 25.164641818406533 24.216470865634292 25.129650397821223 22.806481488814914 24.769470313717722 23.31216232933674 23.153975460147386 24.106293789876723 21.575866578263962 23.135756903728197 24.3768594463131 24.964429145537387 25.56728997043742 25.382027768864727 22.03289812134386 24.17918085578006 24.594949453578398 28.230543969690583 22.56184560232866 23.40735184628493 22.307552191279328 23.842573035706774 25.3858317621095 20.822093451988525 23.667498214390175 20.301891924004824 25.42217981751809 23.386733929524436 25.72458105781862 26.203835528346367 24.982648781074868 20.9528340564668 21.881749827265413 21.992299807895012 25.747067385181406 21.889379043001387 22.674752148344012 24.808665501361183 25.202420757144964 24.05259826572923 23.57505476844217 23.394091947802778 26.385632120092755 24.75827419099095 25.640630915457955 22.298537061867272 23.414934415569874 22.658110697938508 24.648217390277534 28.609690841341866 22.961445138805573 22.19256436866862 23.239510424419812 23.256520041231393 26.4167145604358 23.332035397782033 27.48799546308374 25.52864316959784 25.681611259294836 21.248725010832814 22.884544790737348 22.471566421936963 24.71079866979905 24.801485481598892 24.639444071474152 22.47145862665704 23.70840226926069 23.03356017032472 24.257499355347825 27.201886184550546 23.077703883647217 25.02644952857621 24.786606228855938 25.31082953617374 23.606809163978518 22.220630299724565 
26.95354591485986 27.408489989265547 24.574488376926244 24.48727394431748 27.599923833323835 23.96652741954607 25.32482309641791 24.18262070103349 26.164662101728158 23.90694068432753 25.96706409002222 26.645676508066643 25.532358441901486 23.921793217819463 24.142476148504084 25.314224354679336 33.60581041914578 27.144022969691118 23.558915368003035 25.683550494440347 26.865330180689995 25.39350591551281 24.72889940563526 24.552552313123897 27.086810151882723 26.555996933699507 25.18869992671354 23.968366774691745 26.958896431641346 24.24132372025036 24.34558623423928 24.828641980916515 22.70916792393853 24.32675144040454 26.072530492588474 25.07366049868896 28.22326181216844 26.904396753752817 23.208453882888755 24.96371198362922 25.92409569910026 26.923204544844985 24.2128315207435 25.769701135440656 22.983022484961992 23.110432905949622 25.922818497037884 22.82288966677364 25.48094980514341 19.869421692463305 25.24632306138636 24.880521371218087 26.03434548772354 26.2439994167151 25.160879887741622 23.54257144776922 23.004095687350667 23.46772221576057 27.71143092818297 23.52090458655243 23.01236732794184 26.329186319099627 25.359947372784518 26.879634091946087 25.75328924024826 22.47089449927707 27.59610816579571 24.623620729669245 28.889710676389793 25.303561329351233 23.50407240499915 26.262374561769406 27.736364950549845 28.07188334473532 24.298868424209836 24.65722819645541 23.69194430505978 25.42720506638771 27.03250716814521 25.456596159297757 28.099586110005113 26.746074848228375 26.690319043062754 22.361615431475798 22.977091746361914 22.17152248436764 24.933621432568863 25.89708250329827 25.32642702439121 24.842573754682427 24.437582084613474 24.589634178628877 26.107089024213312 28.709153640141125 22.905643636737675 25.921520781512278 25.82863752727729 29.255457154178288 23.810335963356525 22.496371841420203 
27.727899902996857 26.865100174509255 26.818214727309073 25.622768524656824 29.162357799182146 27.102547816924858 26.57869766361423 26.28966895639243 27.493329484852882 26.41632979478605 27.163252881321046 26.672984119382303 26.396481753221405 26.448621485831058 24.32600429849257 26.455073639501855 27.144022969691118 35.83190473140538 24.749509927528923 29.54921591477557 28.769142930473528 25.671234307715647 25.57709609293756 25.494861198672666 28.12252561833045 26.58823846314634 28.09817280121251 25.00505915075399 27.08130739073741 27.422952367023044 25.726221915675982 24.900944157844314 25.84242135773292 24.904281426630472 28.9041908633231 28.134301034991967 28.60517787245711 28.84824580119854 24.41711337586556 27.40601900125394 27.260123257865285 29.42533801654407 26.127930437799925 26.300720252557447 24.328736617526342 26.698015649771897 31.103912897395052 23.50215861827422 26.913578737140533 22.572257159398973 28.19620513150121 27.11351385104782 29.27300792584793 28.39333501797603 26.70012126852913 24.06978919773026 25.36649800871788 23.947247355361526 31.484020628384425 23.633522076334152 25.8912398461062 27.32205342940902 27.621617411953448 27.48934844789038 25.737731368655616 24.4671457219949 29.75331047193108 26.83703030060538 27.676189158358827 25.584166164249265 25.45278086682269 27.51582589177512 28.554114571084295 30.50080252973193 26.961067797186974 25.60623237420447 23.99264337325798 26.839028898991106 29.61763949094736 26.522701550336915 29.194375327490658 27.46285394849714 28.46304230181429 23.281739884187125 24.542853010856284 24.41055093102555 26.17902769544518 25.426369281063657 28.357793848593555 24.918368736924478 25.60264261985615 28.011380869618353 28.166921100174264 29.53120010473248 25.690320483917507 26.675909041162946 26.271554882610925 28.10795366659738 25.94054763989009 23.63229093072085 
23.68478738320051 22.956490091848185 23.978670607762783 23.891403240902342 25.662513878500324 24.099263396046076 24.032083920743542 22.310497832225558 25.084442116067986 21.544037187350614 23.924251942811768 24.65395231964891 24.0690201630001 22.552804449634213 23.364564933441514 23.740633092897873 23.558915368003035 24.749509927528923 30.11963976488435 23.742431409991273 24.09524333534661 22.227681382172943 23.04417870110014 22.65623984893912 24.485276805276055 24.209183058307563 24.42147693539345 20.166450956157405 26.090170236164944 20.869217247582874 22.195607312077662 22.480870064825172 23.753491649296432 21.36246984830941 23.995521993665985 24.097680444446006 25.49493376952963 25.290134741987693 21.983527926128115 25.025386033037396 23.56276551239935 25.521713914181383 22.060512522987857 23.333095156228126 23.21874947323197 22.45065664881564 24.95094771951601 22.580636574544158 22.620225294980624 20.724360482135552 25.378021234284166 24.501895689738188 26.078371233566017 26.065272143511955 23.26774185747573 22.99080420311986 22.01844397175802 20.135107411386567 24.938222763711604 21.552151303764397 23.035383269050453 24.134161105302532 24.207429359787096 23.305174769121933 24.117104079421598 23.220592439615324 25.170896546298007 23.882879750419402 25.144494842806175 22.31255929222192 22.127249686268353 26.575267913468462 26.30118983683798 26.692766795995873 21.94520270749363 22.69849091623839 22.979170965753926 24.995359040473602 24.21018385216962 20.68524573569543 25.257547041683168 23.68340464413922 25.434006974557292 21.061144220899923 22.198700900262548 23.52361137932698 23.93305055279858 24.927241636113298 22.741218013718637 22.373514935620463 23.372680634056486 23.8219250957778 24.013643434229355 26.21183836697097 22.693930680553656 25.422077848713172 24.389717198645744 26.998543200795854 23.13564276508024 23.550175714227436 
28.031000291211075 24.513993038107483 25.612993587819513 25.990774800348692 27.461248962139816 25.024989374281695 25.43517722116075 25.602584112031394 26.89928921152928 24.45846850229729 25.898701917753982 25.523417981028427 26.012852725444713 24.59043271047233 23.455890128087127 25.539586147012074 25.683550494440347 29.54921591477557 23.742431409991273 34.5112008235339 27.19696007968241 24.720212039403545 25.166193497054753 26.938793775539615 26.51145703797379 25.990650904716496 26.908656382086335 23.47024608236073 25.416458364379512 26.349757405615595 24.453952387209142 23.928617775903728 24.791566872286218 23.859422897509706 27.383292677514817 25.27394664739202 28.126365204022527 27.506034671618714 22.88427584842573 24.758060186067524 26.248141066572124 27.44708700231153 24.485893242847112 25.809662668960026 24.826832941526433 24.858033797559397 28.15636068502885 23.239572110980273 24.664786023148377 21.52854842061603 27.053279035562124 24.979461075679705 28.22285536485274 28.797407040393125 24.73433052330603 23.476124756950497 23.656480360682128 23.06138768074889 27.13363979039184 22.527549275230044 25.04791108347223 25.147803924113813 26.1738150689855 25.987992859230562 24.41582180347138 24.166703049191245 28.075691425186527 26.360948645008648 27.9703795697355 23.96875173795595 23.322145190497526 25.814627488459703 27.792379425643364 30.104224461517788 24.878504234432338 23.43215563040306 24.179930857229955 24.83210932695898 27.075150229031024 24.92751617391023 28.077174336340292 26.895220824556944 26.091924531971692 21.86087292322181 23.97628854520572 23.670725715792887 26.84872210943908 25.341301504039617 26.222698245734538 25.236758996065223 24.956574630066946 26.42682551543734 26.107241880264752 28.24550250084367 23.31081169263418 26.742123359696453 23.95439669204011 28.47025649165016 24.71700790524717 23.590446805957622 
27.74036613162587 26.577964548148334 25.305662246586767 26.56207756683058 27.3018353328368 25.942249033282042 24.986919364187766 26.970426464903536 28.93073463422065 26.19439513484318 25.703683790327478 28.36578435710669 26.068478630834356 24.67911960977508 23.819124525618303 25.8865968531143 26.865330180689995 28.769142930473528 24.09524333534661 27.19696007968241 35.523840357228245 26.05303830969594 25.90107822932245 25.59844799859284 25.003832998477293 27.31649198276966 27.877147461709786 23.67316724200794 26.48094122338671 27.09327064167976 25.095442626752252 25.839818627826542 24.19936572180783 24.10556294582863 26.854100161397934 28.261866786718695 28.010333211208213 30.044160403422406 24.45015872838914 26.829224656587865 27.04771412707157 28.85797893750445 25.719026451440953 25.245406976063883 24.908929596693344 24.94719543220914 27.84199242461184 22.497564958143123 26.679987751330728 22.46742707260306 28.87385082509094 27.107234293068945 27.25210709731569 28.580518426803916 26.196859926296035 22.451481660523452 23.581854330991643 24.518197405786587 28.489733305064995 22.762383349689973 24.956778109377364 26.606370350956684 26.609707562415952 27.354202304446986 25.697615095602675 25.2107793067257 30.526808320173924 24.457668214926766 28.6010011019393 23.754435150017926 23.339878807262775 26.1045443407161 28.23041315043647 30.486228907326584 25.54133091848766 25.177449795379644 23.317958663544534 26.292601920463724 28.382552113594667 24.517588490159078 30.528022914526506 26.606463038546888 26.237574226018143 24.45624683183999 24.769731945371703 24.51731104182315 25.76649403333718 26.121195354841372 27.948821430535215 25.295901238391266 26.192930669491883 26.665125226455572 26.4249996081398 28.546038462684425 26.0330013677685 26.93934178711928 25.478568196633738 28.138606262297845 25.532047880209614 22.30135478744235 
