10
3.4479696961346167 2.0986409448149312 3.0022776649210323 2.98556259098075 2.9035396164574307 3.537762975223063 1.976465957596485 2.2778413360083163 2.395578738497356 2.6581785802834847 
2.0986409448149312 2.339707905261782 2.1108855105037514 2.0754841730766853 2.6691663847459233 2.6485693597450553 0.9423981305052247 1.225344355271877 1.3681999976355417 1.5497929855587784 
3.0022776649210323 2.1108855105037514 4.111593684894345 2.694205266333667 2.7222157312906514 3.196788711751176 2.075085471892009 1.8936028260468538 1.8643592871983032 1.716035951182933 
2.98556259098075 2.0754841730766853 2.694205266333667 3.5976956764518473 3.016456072240407 3.2095780894228487 2.101275900638074 1.8413127742037843 2.1018361247009416 2.636584675280467 
2.9035396164574307 2.6691663847459233 2.7222157312906514 3.016456072240407 4.136784487538373 3.9516947466468806 1.7553533541237214 2.2709040874067297 2.3875045723470056 3.098905597503516 
3.537762975223063 2.6485693597450553 3.196788711751176 3.2095780894228487 3.9516947466468806 4.888611688907693 2.0798461370262205 2.8680916432002936 3.3389914910623135 3.182988548824269 
1.976465957596485 0.9423981305052247 2.075085471892009 2.101275900638074 1.7553533541237214 2.0798461370262205 2.0461878560244857 1.319516745692606 1.2817688823922868 1.7177772999071368 
2.2778413360083163 1.225344355271877 1.8936028260468538 1.8413127742037843 2.2709040874067297 2.8680916432002936 1.319516745692606 2.37990394454852 2.137080126325789 2.416079663289566 
2.395578738497356 1.3681999976355417 1.8643592871983032 2.1018361247009416 2.3875045723470056 3.3389914910623135 1.2817688823922868 2.137080126325789 2.732412298031984 2.2238598666526475 
2.6581785802834847 1.5497929855587784 1.716035951182933 2.636584675280467 3.098905597503516 3.182988548824269 1.7177772999071368 2.416079663289566 2.2238598666526475 3.5256666731685686 
0.07478036968679735
0.5403900465080572
0.20647645665585102
0.49415875487937133
0.3859176322651141
0.01247565317497168
0.9200449950929881
0.7974602872715493
0.7691413775909327
0.13341377433386936
