n = 1000
[0.002432, 0.004715, 0.005410, 0.008960, 0.012002, 0.023822]
n = 100000
[0.014540, 0.014222, 0.027309, 0.027687, 0.034007, 0.081676]
n = 10000000